{"input": [[10, 20], ["AND Operation", "ARROW Operation", "IDENTITY Operation", "IDENTITY Operation", "IDENTITY Operation", "ARROW Operation", "AND Operation", "ARROW Operation", "IDENTITY Operation", "ARROW Operation", "AND Operation", "AND Operation", "AND Operation", "IDENTITY Operation", "IDENTITY Operation", "IDENTITY Operation", "AND Operation", "IDENTITY Operation", "AND Operation", "AND Operation"], [[0.10075731882662282, 0.1000494019004624, 0.1007573896813104, 0.09389873397430852, 0.10075738975407353, 0.10075738975407353, 0.10075738975399931, 0.10075020756710086, 0.10075738975407353, 0.10075738903397516], [0.10076285827735908, 0.09390049043022561, 0.10076285899835495, 0.10076215427378846, 0.10076285184318408, 0.10007375622108011, 0.10075586508411107, 0.10069344694783412, 0.10076285899835495, 0.10076285892570745], [0.10076224689022574, 0.10076231789552208, 0.1006929097282944, 0.1007623107387998, 0.10076231782287982, 0.10076161301453243, 0.10076231789552208, 0.09390033722539878, 0.1000713108933027, 0.10076231789552202], [0.10076235049618605, 0.09389808472077629, 0.1006929194834856, 0.10076235049611175, 0.100762350496186, 0.10076234977522258, 0.10076164577976464, 0.10007325491772101, 0.10076234333909961, 0.10076235049544643], [0.10075584383891642, 0.1007628570763252, 0.09390051279405481, 0.1007628570763252, 0.10076285700348916, 0.1007628570763252, 0.1007621524281273, 0.1007628570763177, 0.10069344688817974, 0.10007375874193924], [0.10007373949149032, 0.10069320128019679, 0.09390049569634809, 0.10076279785805833, 0.10075581151394504, 0.10076280503258303, 0.10076273403038459, 0.10076280503182601, 0.10076280503258378, 0.10076280503258378], [0.10075586375443298, 0.10076285737441877, 0.10076285744706179, 0.10076285744706179, 0.10076285744706179, 0.10069342652649661, 0.09390051291333575, 0.10007375886950286, 0.10076285743974203, 0.10076215078088574], [0.09390051505792402, 0.10076215938984771, 0.10007376131329743, 0.10075587020260232, 0.1007627931013628, 0.10076286407327982, 0.10076286400067268, 0.10076286407327231, 0.10076285672161514, 0.10069345206612577], [0.10076286333372146, 0.10076286333364795, 0.10069345176349799, 0.10007376104205597, 0.1007621587966094, 0.10075586986996005, 0.1007628633329851, 0.10076286333371472, 0.10076279037302899, 0.09390051482077834], [0.10075731964346699, 0.10075739057120338, 0.10075020854366834, 0.1007573905638922, 0.10075739057120346, 0.09389873424124284, 0.10004940203887493, 0.1007573905712027, 0.1007573898510443, 0.10075738340420101], [0.1, 0.1, 0.1, 0.1, 0.1, 0.1, 0.1, 0.1, 0.1, 0.1], [0.1, 0.1, 0.1, 0.1, 0.1, 0.1, 0.1, 0.1, 0.1, 0.1], [0.1, 0.1, 0.1, 0.1, 0.1, 0.1, 0.1, 0.1, 0.1, 0.1], [0.1, 0.1, 0.1, 0.1, 0.1, 0.1, 0.1, 0.1, 0.1, 0.1], [0.1, 0.1, 0.1, 0.1, 0.1, 0.1, 0.1, 0.1, 0.1, 0.1], [0.1, 0.1, 0.1, 0.1, 0.1, 0.1, 0.1, 0.1, 0.1, 0.1], [0.1, 0.1, 0.1, 0.1, 0.1, 0.1, 0.1, 0.1, 0.1, 0.1], [0.1, 0.1, 0.1, 0.1, 0.1, 0.1, 0.1, 0.1, 0.1, 0.1], [0.1, 0.1, 0.1, 0.1, 0.1, 0.1, 0.1, 0.1, 0.1, 0.1], [0.1, 0.1, 0.1, 0.1, 0.1, 0.1, 0.1, 0.1, 0.1, 0.1]]], "internal": [[], [], [], [], []], "output": [[10, 20, 2], ["ARROW Operation", "ARROW Operation", "ARROW Operation", "IDENTITY Operation", "AND Operation", "IDENTITY Operation", "IDENTITY Operation", "AND Operation", "ARROW Operation", "AND Operation", "ARROW Operation", "ARROW Operation", "ARROW Operation", "AND Operation", "IDENTITY Operation", "AND Operation", "IDENTITY Operation", "IDENTITY Operation", "ARROW Operation", "ARROW Operation"], [[0.10076285896634704, 0.10076285896634628, 0.10007375621239756, 0.09390049042497277, 0.10076285889389357, 0.1007558650706526, 0.10069344693572237, 0.10076285844679025, 0.1007628518259801, 0.10076215425689754], [0.10069339713845894, 0.10076280835480203, 0.10075581253788138, 0.10076280836230068, 0.10076280836230143, 0.10076273739659235, 0.09390049692074634, 0.10076280836230143, 0.10007351420231392, 0.10076280836230143], [0.10076280436584642, 0.10076273408079657, 0.10076280508639691, 0.10007373952235388, 0.09390049594712463, 0.1007558115638536, 0.10069320132879317, 0.10076279793204095, 0.10076280508639691, 0.10076280508639691], [0.10075718803399102, 0.10075718803399102, 0.09389866850219952, 0.10075668180805694, 0.10075718802672369, 0.10075718803399102, 0.10004936027634183, 0.10075718796188823, 0.10075216128882573, 0.100757188033991], [0.10076231785788348, 0.10076231741104211, 0.10076231793057196, 0.10076224693830588, 0.10076231793057122, 0.09390033723672343, 0.10076161326256056, 0.10069290974199681, 0.10007131089974151, 0.10076231079060306], [0.0939002702683935, 0.10076281217346686, 0.1007628121809812, 0.10075581871194828, 0.10076273920536143, 0.1007628121809812, 0.10007371025550746, 0.1007628121809812, 0.1007628121809737, 0.10069340066140511], [0.09366094570516552, 0.10070592100791806, 0.10071291107625836, 0.10071291107699556, 0.10071291035642158, 0.10071291100436787, 0.1006435338403216, 0.10071220475671742, 0.10071284010615465, 0.10071291106967946], [0.1006934020123378, 0.10076279765778912, 0.10007357383180937, 0.10075581891921376, 0.10076279837721636, 0.10076272751920935, 0.10076279837720888, 0.09390049369062901, 0.10076279123737, 0.10076279837721636], [0.10076161319751056, 0.10076231788206907, 0.10076231788206907, 0.1007623107273052, 0.10007131081298616, 0.10076231780942738, 0.10069290971225438, 0.10076224687403544, 0.09390033722100966, 0.10076231788133304], [0.10076234334413023, 0.10069291948213524, 0.10076235049190627, 0.10076234977825897, 0.1007616457823485, 0.10076235049915225, 0.10076235049848897, 0.10076235049922658, 0.10007325489634993, 0.09389808472800296], [0.10076230140408936, 0.10076230068385943, 0.0938980687321907, 0.10076223039559772, 0.10069289009250301, 0.10076229424973404, 0.1000730102276225, 0.10076230140482657, 0.1007623014047502, 0.10076230140482656], [0.09389874932297192, 0.10004941071510083, 0.10075744355574802, 0.10075744429607394, 0.10075674000076633, 0.10075744429607394, 0.10075744429607394, 0.10075744429599967, 0.10075043492585399, 0.10075744429533738], [0.1005700772152825, 0.09988038723677538, 0.10057007720797721, 0.10056937391770047, 0.10057007007457744, 0.1005008051882768, 0.10057007649576673, 0.0956289782338219, 0.10057007721527508, 0.10057007721454646], [0.10074161811528878, 0.10074161811528878, 0.10074161810778896, 0.10074161811528878, 0.10024507450624924, 0.10067216539087176, 0.10074161811528878, 0.10074161811528132, 0.10074161804288635, 0.09389143337576715], [0.09387639308474649, 0.1007576974141679, 0.10006851075421652, 0.10075777037012883, 0.1007577703701296, 0.10075777036281393, 0.10075776964959905, 0.1007577703701296, 0.10075077725467567, 0.10075777036939246], [0.10076286409264554, 0.10076286409264562, 0.10007376132065676, 0.10076286401999855, 0.10069345184287526, 0.1007621593680868, 0.09390051506655414, 0.10076279308263038, 0.10076285693745327, 0.10075587017645361], [0.1007622672635416, 0.10076226725697865, 0.09389801557459844, 0.1007622672642766, 0.1007622672642766, 0.1007622672642766, 0.10076226726420048, 0.10069290251457128, 0.10007321820287446, 0.10076226013040532], [0.09387555887604992, 0.10075703065942175, 0.10006840416903356, 0.10075710162592377, 0.10075639733308965, 0.10075710162592377, 0.10075710155332074, 0.10075710162592377, 0.10075710090538996, 0.10075710162592302], [0.10056524435958196, 0.09985854065240175, 0.10056524435958203, 0.09562655949808359, 0.1005582680222758, 0.1005652372227777, 0.10056524363843217, 0.10056517352843676, 0.10056524435958202, 0.10056524435884631], [0.10075706384453688, 0.09387576861706246, 0.10075707096549574, 0.10075707024598228, 0.10075636951710872, 0.10075701988917174, 0.10075707096548829, 0.10075707096542158, 0.10006842402423656, 0.10075707096549574]], ["IDENTITY Operation", "IDENTITY Operation"], [[0.05009042003854507, 0.048364781420437285, 0.05009042003854507, 0.05009042003854507, 0.05009042003854507, 0.05009042003854507, 0.05009042003854507, 0.05009358900784655, 0.05000432236373812, 0.050090420433153975, 0.05009042005831198, 0.05009042003854507, 0.05009042003854507, 0.05009042003854507, 0.0500904279400028, 0.05009057827676622, 0.05009042003854507, 0.05009042003720222, 0.05009042003854507, 0.05009042003854507], [0.049940807045130646, 0.049940814949268886, 0.049940807045130646, 0.04994396657402302, 0.0498549663453688, 0.04994080704513077, 0.049940807045130646, 0.049940807045130646, 0.0499408070451331, 0.049940807045130646, 0.04994096483627854, 0.049940807045130646, 0.04994080704611763, 0.04994080704513065, 0.049940807045130646, 0.049940807045130646, 0.049940807045130646, 0.05120718164387634, 0.04994080704517993, 0.04994080701831661]]]}